  8.719163091980250E-003
  1.735396481285646E-002
  2.586133949268658E-002
  3.394706926246138E-002
  4.263362545868144E-002
  5.030316036009604E-002
  5.890980647393394E-002
  6.638583137179821E-002
  7.350498232461052E-002
  8.126637112235763E-002
  8.848601251519110E-002
  9.562386149486551E-002
  0.102929409913256     
  0.109501006111790     
  0.116319843598103     
  0.121925566014997     
  0.129042879592559     
  0.135185070168235     
  0.140951864391874     
  0.147640147434452     
