1.3677    0.344596308112213E-01
0.9748    0.286014648400553E-01
1.4275    0.120549533534953E+00
1.9985    0.294150621046339E-01
0.8098    0.180833186988506E-01
1.8505    0.723721007830050E-01
0.9264    0.596236051444411E+00
1.8353    0.107152460000211E+00
1.2055    0.150392576566173E-01
1.5275    0.269210200954489E+00
0.1697    0.848367052515957E-03
1.8019    0.957054077410104E-01
0.7400    0.427078236587559E-01
0.6356    0.343145635179202E-01
1.2792    0.100658170983695E+00
1.3037    0.492413780431349E+00
1.2054    0.437185896516789E-01
1.9587    0.224750537917277E-01
0.7439    0.142559214678683E-01
1.0814    0.484314005476901E+00
1.5560    0.623794151926061E-01
1.4588    0.582523726343699E-01
1.0246    0.215676757577468E-01
1.6052    0.591510560391316E-01
1.1199    0.259116796809828E-01
1.3580    0.108007915102470E+00
1.0607    0.128961730849405E+00
1.3639    0.271128423264229E-01
1.9229    0.495695570006389E-01
1.9203    0.341062968186627E-01
1.7453    0.146246908734225E+00
1.0422    0.134495321070865E-01
1.3421    0.299024781428658E-01
1.8393    0.489540693484883E-01
1.2531    0.575607101554806E+00
1.1967    0.120248230865743E+00
1.4576    0.342064677940066E-01
1.6811    0.599910746832557E-01
1.9678    0.198835886425138E-01
0.9549    0.447256293224021E-01
0.8842    0.413201973630951E-01
1.3058    0.527614775426166E-01
1.6435    0.457431542188554E-01
0.5863    0.568100136749591E-02
1.7615    0.172272355246441E-01
1.6900    0.162030569814151E+00
0.7605    0.326953404958858E-01
1.5668    0.591743023731323E-01
0.9147    0.121936591324744E+00
1.4626    0.610422632536818E-01
0.6761    0.362009701763855E-01
1.0144    0.124301276935880E+00
1.1754    0.272360557459162E-01
1.3007    0.312720374785572E+00
1.1236    0.760748070853343E-01
1.3693    0.302819578719393E-01
1.7479    0.257887372871363E+01
1.7027    0.916886181981223E-01
1.0915    0.130393524182764E-01
1.7175    0.138075158776677E+00
1.3204    0.119432816844418E+00
1.7404    0.450805673478410E-01
1.4782    0.164562075474354E+00
1.9199    0.118925105133857E+00
0.9020    0.114724070979013E+01
1.3573    0.130759697407385E-01
1.7249    0.934685373766559E+00
1.3894    0.891486393052854E-01
1.9015    0.361384095440765E+00
0.8828    0.165285052667966E-01
1.4850    0.271413567510259E+00
1.2848    0.145766212245945E+00
1.6590    0.671573327308472E-01
1.4395    0.162015564191139E-01
0.9556    0.160501212181037E-01
1.0302    0.230306720907382E-01
1.1830    0.310297091580439E-01
1.6117    0.425728397046107E+00
1.4338    0.995919462496502E-01
1.4738    0.374182737989657E+02
1.2836    0.261154524640236E-01
0.8849    0.105125163226589E-01
0.2112    0.191198328485623E-02
1.1195    0.989136662811811E-02
0.3451    0.836879358553430E-03
1.3703    0.629371090483061E-01
1.4116    0.291048318995338E-01
1.1367    0.616458919728136E-01
1.8272    0.668962965724498E-01
1.6099    0.235472144035235E+00
1.2375    0.574316135422828E+02
1.9601    0.594756072277728E-01
0.9352    0.103819806730893E+00
0.5885    0.121289359835924E-01
1.0842    0.187408753902740E+02
0.5089    0.406076480092349E-02
1.1162    0.102419885251195E-01
1.2194    0.375851579511687E+00
1.3222    0.181108423978383E+00
1.6141    0.175947250554316E-01
1.0787    0.176121778003102E-01
0.8735    0.539822620166087E-01
1.9894    0.949388185534057E-01
1.9269    0.659434332019850E-01
0.7377    0.312228670207489E-02
0.9706    0.386644173686030E-01
1.3035    0.611335278600631E-01
1.8629    0.521733221469471E-01
1.3776    0.325758580806313E-01
1.7723    0.361843792451850E-01
1.1941    0.129531012447210E+02
1.4549    0.155801080771221E-01
0.8600    0.128424466352497E-01
0.9597    0.788625064114757E-01
0.6506    0.141918007168620E+00
1.2005    0.205509648278659E-01
1.5666    0.173965346082467E+00
1.8319    0.171346203015652E+01
1.8646    0.323891990198891E-01
1.4738    0.121136173014507E+00
1.9081    0.192344709477846E+00
1.5817    0.388388083553996E-01
0.9592    0.298348323535904E+00
1.0319    0.723419863655419E-02
1.0795    0.404042902031842E-01
1.8314    0.194521315366034E-01
1.1471    0.217988034884675E-01
1.3565    0.269327789698941E-01
1.1021    0.140422604493902E+00
0.7447    0.452494938115948E-01
1.8225    0.367301488523066E+00
1.0172    0.154446806454247E-01
1.8902    0.988109613764681E-01
1.1328    0.207014952029359E-01
0.8749    0.277679077089387E-01
1.6285    0.364834597925031E-01
0.5345    0.202649697579304E-01
1.1802    0.869503625199807E-02
0.6632    0.209131335508673E-01
1.8424    0.144482773070592E+00
0.8014    0.618443092449870E-01
1.8466    0.452613012035417E-01
1.0824    0.128455684194632E+00
1.5647    0.226002741095185E+00
1.8838    0.157707861724343E+00
1.1938    0.105905716624987E+00
0.7229    0.115153101891027E-01
1.8103    0.341317490984903E-01
0.7241    0.263477616386444E-01
1.9110    0.119949768815517E+00
1.3343    0.552059369148174E-01
1.3577    0.793145543925844E-01
1.8561    0.290895558082605E-01
0.6514    0.567745421418019E-02
1.7622    0.880067207957526E-01
0.7149    0.572477438818809E-02
1.6865    0.268359054203640E+01
0.9104    0.417922145199175E-01
1.7319    0.509506513456771E-01
1.1233    0.178561845822647E-01
1.7193    0.282313124857576E-01
1.2924    0.435765396959174E-01
1.5872    0.551961942578487E-01
1.2034    0.823916359295871E-01
1.2444    0.625891748925395E-01
0.5557    0.424352235860019E-01
0.2360    0.415408099991504E-03
1.1261    0.932204036697851E-02
0.7241    0.239701193373774E-01
1.9439    0.267830040372561E+00
1.9079    0.345839660391058E-01
1.9245    0.334267408645614E+00
0.7069    0.527093494325431E-02
1.1102    0.378589165353404E-01
1.1207    0.908588749146042E-01
1.9872    0.781422000699122E+00
1.8648    0.575348925166429E+00
0.8998    0.260546051525671E-01
1.2941    0.135151812005936E+00
1.3714    0.252040862669004E+00
0.6606    0.149338238938818E+00
1.2358    0.988854271910398E+00
1.9870    0.151119675611388E+00
1.8422    0.373426246660215E-01
0.4830    0.138606304317270E-01
0.8323    0.465408533162196E-01
1.3201    0.570584646376713E-01
0.8637    0.770453189949140E-02
1.0175    0.767975960542327E-02
0.7256    0.378542842996749E-01
1.0608    0.202945172041047E-01
0.5798    0.135607315599550E-01
1.0232    0.775369019396942E+00
0.4580    0.641759639650379E-02
1.6232    0.508728633769467E-01
0.7728    0.769661918549652E-01
1.3957    0.924353686229966E-01
0.8473    0.108387777506282E-01
1.4729    0.214062999042519E+00
1.2409    0.245105949861122E-01
0.8880    0.819709876403192E-02
1.3618    0.873642391934103E-01
1.7279    0.372149240689415E-01
1.8735    0.472196177358987E-01
1.4572    0.222485053202118E-01
1.6723    0.398357717799262E-01
1.5311    0.509549930274123E-01
1.5106    0.468273621428579E-01
1.9950    0.558330972289780E+00
1.0820    0.131161742931826E-01
1.8693    0.407538401409694E-01
1.1242    0.553533727924970E-01
1.1764    0.592203776225832E-01
0.4677    0.144028861863744E-01
1.5532    0.153726051719399E-01
0.5459    0.135397463089378E+00
1.6580    0.326267986777877E-01
1.6882    0.230386069694016E-01
1.4373    0.127412301570366E-01
1.7104    0.266441100894750E-01
1.6050    0.849287803000395E-01
1.5917    0.184809265227233E-01
1.8240    0.596306750899542E-01
1.4808    0.242050061677409E-01
0.3175    0.921392499194587E-02
1.6946    0.250327668525123E+00
1.2020    0.894940211230421E-02
1.5833    0.262227346763091E-01
1.7321    0.427865705867222E-01
0.9855    0.124953693534973E-01
1.7613    0.410390519823037E+00
1.6340    0.653775406236928E+00
1.6337    0.192131571957694E+03
1.6491    0.206361523185361E+01
1.3526    0.216673564756090E-01
1.7080    0.508885693189963E+02
0.8864    0.139893563620795E-01
1.4364    0.464058404973075E-01
1.8639    0.103367766966791E+00
1.6922    0.811639173157155E-01
1.0727    0.267773678412938E-01
1.7634    0.523851657430321E-01
1.2842    0.416638604261326E-01
1.6780    0.588942189268412E-01
0.6665    0.133883226437938E-01
0.7884    0.523619181233268E-02
0.9164    0.112942366743223E-01
1.1767    0.363366643542704E-01
1.0149    0.480906952058979E+00
0.9969    0.767457909524161E-02
0.7012    0.848466482201763E-01
1.9855    0.208071874713557E+00
1.3301    0.253915399646709E+00
1.5350    0.146462066247736E+01
0.6086    0.538335228845644E-02
1.3465    0.497700092815256E+01
1.4043    0.440310502305449E-01
1.7590    0.290146836513026E+00
1.8305    0.227039557153487E+00
0.6593    0.311737229860084E-01
0.3443    0.563383592542672E-02
1.9290    0.365008891775919E-01
1.8795    0.180051166697191E+00
0.7023    0.148677484800910E-01
1.9339    0.114791900858140E+01
1.8697    0.768693886116507E-01
1.8550    0.113563641028107E+00
1.2569    0.719694796769273E-01
1.1386    0.542714392169163E-01
0.7845    0.199782431397509E-01
1.0511    0.440018271241871E-01
1.8391    0.107722820101923E+00
0.1876    0.414562146047045E-02
0.9280    0.257489223826443E-01
1.9443    0.119333408291708E+00
1.1880    0.391476114236948E-01
1.9535    0.133286173237737E+00
1.7226    0.669242680140766E-01
1.6224    0.186569536937283E+00
1.4899    0.139969238822027E-01
1.9706    0.667301891865092E-01
0.5076    0.111534933680968E-01
0.3736    0.493403548882469E-02
1.6372    0.977799206149509E+00
1.2413    0.558598146739162E-01
1.8245    0.649046193635309E-01
1.7950    0.238894105239047E+01
1.2324    0.172802953243523E+00
0.3432    0.545109365004341E-02
0.9014    0.318561002810529E-01
1.1972    0.112903009850577E-01
1.4470    0.342384806631065E-01
0.6307    0.976791589925130E-02
1.6615    0.556430528735820E-01
1.8097    0.688949434400745E-01
0.8815    0.637234457740144E-01
0.6738    0.374333105398370E-01
1.2843    0.157264201768576E+00
1.3465    0.573872925709193E-01
1.8077    0.154388889458221E-01
1.6291    0.504541457704569E+00
1.0549    0.222793291200898E-01
1.5171    0.216050351800692E+00
1.4623    0.104149590412002E+00
0.7888    0.121815343919632E-01
0.9428    0.558861593134987E-02
1.2328    0.517545644425098E-01
0.8337    0.574447711564231E-01
1.1019    0.178568786823547E-01
0.8830    0.255682982503075E-01
1.0356    0.280422512815128E-01
1.2733    0.941113994502346E+00
1.8003    0.594262788833658E-01
1.7562    0.278112008210807E+00
0.4850    0.689225480700702E-02
1.2075    0.369194081215034E-01
1.4891    0.177739645479571E+00
1.9489    0.104438795358981E+00
1.2638    0.219313507695951E-01
0.6555    0.327788853724606E-02
1.7125    0.365038622487714E-01
1.5203    0.732842094891660E-01
0.4435    0.587598187536050E-02
1.2948    0.181258002074643E-01
1.8089    0.645692678098688E-01
1.2874    0.132537841260748E+00
1.3093    0.639184985995621E-01
0.6231    0.904299930617216E-02
0.6327    0.329058504791133E-02
1.8099    0.425539435073663E-01
1.3753    0.528909312031463E-01
1.3597    0.969649414962451E-01
1.5305    0.233560574171032E-01
0.6061    0.109160868748810E-01
1.5971    0.723140131524157E-01
1.9152    0.261802486745796E-01
1.8683    0.681769727343142E+00
1.9506    0.587315762971778E-01
1.5977    0.213973875145380E+00
0.7451    0.126420808164216E-01
0.8514    0.220345052518596E-01
1.6781    0.704642559200418E-01
1.4150    0.408059040747480E-01
0.9593    0.130034683066566E+01
1.9343    0.967959971535224E-01
0.5505    0.265383359082943E-02
1.5866    0.124837070989717E+00
1.3118    0.577277832501049E-01
1.3685    0.109722281523826E-01
1.9625    0.769132598643905E+00
0.6870    0.954110366196768E-02
1.4945    0.193097054229397E+00
0.7433    0.580500151093083E-01
1.5673    0.210675919374684E+01
1.6692    0.191856760448787E+00
0.7720    0.231819937194090E-01
1.2531    0.236064374704903E-01
1.7030    0.482783532692245E-01
1.2119    0.148366477387662E-01
0.8177    0.133670730158034E+01
0.3454    0.957924834547761E-03
1.2167    0.668575555128553E-01
1.8458    0.817122500791769E-01
0.6885    0.114217263598480E-01
1.0928    0.182286736303172E-01
0.5037    0.135818774143480E-01
1.9185    0.116452289016886E+00
1.4416    0.119570200357752E-01
1.5761    0.828184047113200E-01
0.9953    0.359354924292185E-01
1.8991    0.331042642445777E+00
0.7834    0.495869280076824E-01
1.7953    0.707653892919950E-01
1.9098    0.699312103103598E-01
1.5371    0.177837037092427E-01
1.0209    0.968985952899052E-01
1.7216    0.111749876095019E+00
1.0194    0.116074894145750E-01
1.8032    0.996122812459515E-01
0.5774    0.224917764751673E-01
0.9529    0.153725523348191E+00
0.6546    0.526157260356244E-02
1.0986    0.225645721419494E-01
1.6005    0.148274330397734E+00
0.8247    0.137515852225297E-01
0.7230    0.756211802093505E+01
0.8653    0.826254387034541E-02
1.3631    0.283487641858868E-01
1.2694    0.429487817983919E-01
1.8313    0.281566999875569E-01
1.2561    0.249564487824600E-01
1.1798    0.547987887403310E-01
1.6208    0.572358916195256E-01
1.4490    0.186314906558970E-01
1.0425    0.188101796962785E+00
0.6870    0.912402558248610E-02
1.8166    0.426924512873865E+00
1.0106    0.360953990639884E+00
1.7886    0.173071768567643E-01
1.8905    0.138663380234000E+00
1.7537    0.112046306388570E+00
1.6259    0.391375205156160E+00
1.3834    0.332804220292858E-01
1.8924    0.956502961605358E-01
1.0333    0.150681750347645E-01
1.7000    0.570942027723187E+00
0.4450    0.436887195783314E-02
1.3268    0.283038946656740E+00
0.7215    0.385025765780928E-01
1.7400    0.274483784284312E+01
0.3162    0.115925119915671E+00
1.9256    0.300731269251537E-01
1.5673    0.105968537093419E+00
1.7847    0.854523322801535E+00
1.8896    0.100444227359251E+00
1.7818    0.897492758846572E-01
0.6004    0.680058583415460E-02
1.2746    0.330935365898400E-01
1.8887    0.307268425224629E+01
0.6996    0.667692745051283E+00
1.3296    0.365370295270783E-01
1.9182    0.693185711902159E-01
1.7560    0.118502524227473E+01
1.1883    0.863925405891054E-02
1.2410    0.409669643074304E-01
1.6351    0.197890860272439E-01
0.6256    0.601078185940065E-02
0.7527    0.860237034527715E-02
0.5115    0.473221924467225E+00
1.8030    0.536310824344537E-01
1.2787    0.356679222630157E+01
1.9515    0.892851566519731E-01
1.7021    0.962282350822949E-01
1.7925    0.515958773988583E+00
1.2136    0.649882696937547E-01
1.7158    0.201089282620406E-01
0.7790    0.890951871386535E-01
0.8131    0.575649505390953E-01
0.3365    0.551111279469072E-02
1.3377    0.830860912218813E-01
1.8708    0.934544560804519E-01
0.8440    0.277812162237216E-01
0.9788    0.968074779132754E-02
1.3370    0.215163395966643E+00
1.5835    0.235365625697650E-01
1.8577    0.813425166669615E-01
0.8748    0.101571796509438E-01
1.0094    0.426203321421881E-01
1.4104    0.712815261563383E-01
0.9555    0.976367264066503E-01
0.7185    0.500006893433459E-01
1.5913    0.162594996332571E+00
1.6202    0.714538422916178E-01
0.8639    0.795547061552402E-01
1.1541    0.111368570352022E+00
1.6342    0.103701610706610E+00
1.0681    0.251507352652476E+01
0.7799    0.453908068216754E-01
1.8790    0.200110760760980E-01
1.4242    0.697036097279402E-01
1.8780    0.938308432891547E-01
1.1259    0.689108716201119E-01
0.7750    0.268947595375293E-01
1.5829    0.109636638168589E+01
0.6921    0.919397051705154E-01
1.0393    0.367058204488075E+00
1.6779    0.289824540623616E+00
1.0312    0.651053347612417E-01
1.0377    0.222611222243825E+00
0.6606    0.153249519781595E-01
1.6498    0.165319710924979E+00
1.6391    0.154459254715996E-01
1.8721    0.440524611923051E-01
1.3624    0.481268760633582E-01
1.9451    0.665170557613691E-01
1.7690    0.464650307175544E+03
1.6098    0.177565367196485E+00
1.1705    0.823344579547020E-01
1.6425    0.612274381671550E-01
0.2000    0.732045367820429E-03
0.3775    0.360834474769505E-02
1.8423    0.348562792712968E+00
1.6039    0.259989648259291E+04
0.5045    0.341412208460519E-02
1.8761    0.631452215280018E-01
1.7147    0.323807853548296E-01
1.4147    0.261656790827706E-01
1.4407    0.294679916445604E-01
1.7339    0.129822566243417E+00
1.5015    0.397352345318311E-01
1.7275    0.425546582203137E+00
0.7799    0.957587299735754E-02
1.3924    0.968989002901706E-01
1.4433    0.306321108637911E-01
0.4235    0.100852107526249E-01
1.3173    0.551726977547785E+00
1.5306    0.673234711312223E-01
1.5063    0.157757917004810E+01
0.8248    0.514864574813511E-01
1.0143    0.559793353280334E-01
0.7829    0.371702809017572E-01
1.7758    0.351884847116095E+00
1.3438    0.123269550269298E+01
1.8160    0.293936754794401E-01
1.2131    0.102932301222102E-01
1.6763    0.781406375061690E+00
0.4054    0.255571551524036E-02
1.9301    0.581855080343672E-01
1.3616    0.431560167190311E+00
0.9143    0.577610770104870E+00
1.8310    0.236252939021042E-01
1.2567    0.306772466338853E-01
1.8358    0.501244894645904E-01
1.6327    0.134718788063441E+00
1.8327    0.248380454783824E-01
1.9813    0.111819695157261E+00
1.1062    0.181772109471460E-01
0.6388    0.101240239925968E-01
0.4607    0.607762554255788E-02
1.3522    0.185326488614198E-01
1.9011    0.622631597184689E-01
1.3636    0.277751690464713E-01
1.9465    0.106202913253073E+03
1.5537    0.542143411570811E+01
1.4788    0.891040438935135E-01
1.2577    0.219272775816182E-01
1.0925    0.233396232862328E+00
1.8197    0.650512075742148E-01
1.0496    0.536280257104057E-01
1.4576    0.345423280898032E-01
0.9329    0.801223200397096E-02
1.8029    0.224329738124668E+00
0.7901    0.775685666435934E-01
1.6309    0.315146803074050E-01
1.2751    0.682583071217579E-01
1.7746    0.603844880579959E-01
1.6046    0.879275753827376E-01
0.7875    0.463739067008647E-01
0.9007    0.324937017143636E+00
1.5645    0.165808229221726E-01
0.9868    0.193477057887816E+00
1.0438    0.160656300160364E-01
1.2705    0.828152536430506E+00
1.0462    0.440101165426934E+00
1.7868    0.129873548013900E+00
1.6432    0.188086840910631E+01
1.4705    0.676662314338503E-01
0.5853    0.272668453629955E-01
0.9258    0.115888028469766E-01
0.6590    0.151991223378901E-01
1.1581    0.894265834384059E-01
0.5362    0.100774372735414E+00
1.8795    0.149971782926001E+00
0.9207    0.254020734127279E-01
0.7303    0.570136435190356E-01
0.7926    0.571161379319043E-01
1.9041    0.462679392876050E-01
0.3567    0.900125044341650E-03
1.9554    0.640451060601543E-01
0.9028    0.272620715211915E-01
1.5449    0.702498213579814E-01
1.5350    0.423835255722242E-01
0.6241    0.306031901428727E-01
1.9794    0.841453962057024E-01
1.2628    0.945678038967744E+00
1.5714    0.260414305362501E-01
1.2317    0.135132348196179E-01
1.9093    0.124741753397956E+00
1.9143    0.143367452491845E+01
1.1779    0.137750426705181E+02
1.0500    0.113857091999609E+00
1.3355    0.182930914670861E-01
1.6322    0.539233198247764E-01
0.5111    0.231550465142027E-01
0.3188    0.594473318437504E-02
1.1916    0.122875271729906E-01
1.7277    0.155307876886024E-01
1.6749    0.190629769649457E+00
1.0725    0.676195967727352E+00
1.4593    0.364929404931229E+00
0.9586    0.191874076789492E-01
1.7729    0.155789196469830E+00
1.4198    0.100891111767046E+00
1.8221    0.915506448208647E-01
1.7714    0.279673210146686E-01
1.5951    0.797291637488953E-01
1.1566    0.360270283983569E-01
0.3896    0.507142282656327E-02
1.2617    0.622522125969170E-01
1.6990    0.291004396494055E+00
1.5424    0.162794797256244E-01
1.8792    0.108194824148716E+00
1.8065    0.130430285736172E+01
1.6951    0.711493694004676E-01
1.1632    0.628048428931867E-01
1.8686    0.835096223376994E-01
0.7429    0.375136503715374E-02
0.9603    0.139325120451584E+03
0.8664    0.139600035490907E-01
0.2544    0.504284005719723E-02
1.9505    0.181842345847694E+02
1.9934    0.101398268412151E+00
0.9753    0.100400195511232E-01
1.9063    0.439926876174936E-01
1.1316    0.701425173524928E-01
1.4062    0.455641031775101E-01
0.9500    0.747770397784313E-01
1.0470    0.371138233784426E-01
0.7976    0.996155696042922E-01
1.4979    0.202191262927958E-01
1.2273    0.602297661060398E+02
1.5886    0.544158160054607E-01
1.5553    0.939625531739880E-01
1.5142    0.355737327841618E+00
1.0393    0.197794769804809E-01
1.5912    0.722700337753198E-01
1.8466    0.392484560171349E-01
1.4051    0.112752632827558E-01
0.5623    0.509595603748127E-02
1.5969    0.173292694338765E+00
1.4119    0.199511785997410E-01
1.5219    0.244053815464236E+00
1.6327    0.659330824196545E-01
1.2590    0.148301304659680E+00
1.9850    0.174283169473937E+00
0.4821    0.126858156975884E-01
0.7210    0.544460565669416E-02
1.8142    0.215753421160373E-01
1.1397    0.134809147437467E-01
1.5649    0.197385348537671E-01
1.8392    0.243058545849717E+00
0.8490    0.911452390734867E-02
1.4538    0.546339991870313E-01
1.8029    0.202484769774678E-01
1.8278    0.118188572664297E+00
1.8269    0.409706129627625E-01
0.7728    0.223874413635268E-01
0.5955    0.473654293362086E-02
0.9671    0.140700207383421E+00
0.4203    0.138366329202074E+00
1.7593    0.587894661335443E-01
1.3516    0.110891666497977E+00
0.9906    0.154505750550995E+01
1.1474    0.609004247282807E-01
1.1179    0.487742003102330E-01
1.3920    0.167611417811722E-01
1.4315    0.151658487048581E+00
0.9835    0.117305746228554E-01
0.1534    0.279868674661536E-03
1.7104    0.153450194220875E+00
0.9199    0.139658880388290E-01
1.0656    0.469854823436974E-01
1.7805    0.187053878669282E+00
0.8467    0.485083247349257E-01
0.9056    0.130200370695536E-01
1.2559    0.376477854206449E-01
1.2860    0.276194104690961E-01
1.5302    0.369926375576088E-01
0.9673    0.374079673772570E-01
1.9834    0.332757686846400E-01
1.8444    0.475321075574075E+00
0.8511    0.466145432497699E-01
1.9741    0.230840189034277E+00
0.5867    0.154168443167883E-01
1.2276    0.282757037678046E-01
0.5944    0.537682015517984E-02
1.6960    0.254245905141641E-01
1.5528    0.223225631121270E-01
0.3004    0.686415090966718E-02
1.8664    0.288796160919856E-01
1.4362    0.622109463949788E+00
0.8479    0.190800658128961E-01
1.5653    0.334525892239868E+01
1.6281    0.830259486407305E-01
1.3879    0.247501848938137E+00
0.8682    0.509103962357717E-01
1.4673    0.253613956447269E+00
0.4923    0.132331608741098E-01
1.9389    0.221799347288002E-01
0.6778    0.125725615849681E-01
1.2322    0.123770640688713E+00
1.0982    0.551982751243869E-01
1.8048    0.108826891114462E+00
0.6907    0.203924400146022E-01
0.4030    0.824062549648743E-01
1.6690    0.198153046707966E+00
0.5084    0.561244412751113E-02
1.1548    0.601217591253506E-01
0.9797    0.342035047477404E-01
1.8708    0.292541479113684E+00
1.8625    0.788085898238583E-01
1.1549    0.848229453088311E-01
0.6319    0.179991127938082E-01
1.2332    0.442397084716056E-01
1.6558    0.159986237041691E-01
1.5737    0.361172194495973E-01
1.9523    0.168817961021796E+01
1.3016    0.715480152926666E-01
0.6787    0.201777548628853E-01
1.5337    0.634412931292872E-01
0.8760    0.569114148265234E-02
1.0590    0.443144032768458E-01
1.8515    0.529142133255108E-01
0.4064    0.727446795194489E+00
1.3844    0.813610500585205E-01
1.5577    0.370758737967646E-01
0.5641    0.354887792710559E-02
0.2495    0.164967132844200E-02
1.6761    0.230145698790527E-01
0.9790    0.139575443486078E-01
1.4847    0.740554170503455E+00
1.7092    0.959031791913865E-01
0.7858    0.113743345007188E-01
1.0200    0.904388043233238E-02
1.8526    0.757211899590268E-01
1.5882    0.144685373902946E-01
1.5319    0.310710199355947E-01
1.1743    0.312636241908038E-01
1.7244    0.398540424663423E+01
1.0748    0.216622362939089E-01
1.9178    0.493369675442084E-01
0.9910    0.180123876089755E-01
1.7479    0.550562029915982E-01
0.8373    0.292350173441774E-01
0.5259    0.887864152481529E-02
1.6457    0.399557177328115E-01
1.9464    0.286599924123985E-01
1.3541    0.102579805103867E+00
1.7494    0.575422432026043E-01
1.9875    0.858556992484524E-01
1.6185    0.672909558626504E-01
1.2020    0.216787195784506E+00
1.4246    0.336398802643386E-01
1.1639    0.178004354333882E-01
1.6674    0.243359410631315E-01
1.3377    0.116005035003626E-01
0.5490    0.117688310578769E-01
1.6296    0.171893398069772E+00
0.3062    0.950288384638732E-03
1.9358    0.694296510475238E-01
1.0133    0.235831934436748E-01
1.1789    0.777015925699991E+00
1.8286    0.240255202106493E+00
0.8895    0.627088342423999E-01
1.5039    0.552375255722190E+00
1.8828    0.937127376296076E+01
1.6963    0.145467305428872E-01
1.3742    0.191865657475683E-01
0.7309    0.348012650959180E-02
1.6091    0.142218248271838E-01
1.2960    0.522389881538945E-01
1.4339    0.449730281988578E-01
1.2346    0.278054029314624E-01
0.8696    0.380293126300692E-01
1.7187    0.104980043463265E+00
0.8893    0.139862249129839E+04
1.5501    0.891138222913658E+00
1.9570    0.206168382974231E+02
0.9107    0.385465243940362E-01
0.8787    0.483706306620452E-01
1.7181    0.115955866731534E+00
1.1853    0.117355467727923E-01
1.4842    0.553243632396161E-01
0.8634    0.237576125032488E-01
1.1215    0.607075259605441E-01
1.5423    0.465555300121784E-01
1.8202    0.410587193507658E+00
1.0450    0.205787681090492E-01
1.6212    0.883268606707717E-01
1.8205    0.365257924519837E-01
1.3686    0.219046489477365E+00
1.8940    0.257192327734953E-01
1.8089    0.323479370802798E-01
1.8627    0.218037739329747E-01
1.8943    0.834977409710983E-01
1.0581    0.374137889368589E-01
1.2794    0.121262604397437E-01
1.7603    0.288522562126679E-01
1.8152    0.433399318843758E+00
1.2155    0.312959420328358E-01
1.0796    0.255840917836622E+00
0.9456    0.577375867361536E-02
1.3364    0.117843756991575E-01
1.7229    0.279191063376121E-01
1.4618    0.406230430485157E-01
1.5386    0.477242309912823E-01
1.4285    0.141105861238609E+00
0.8675    0.861147758213261E+02
1.7719    0.119868923009012E+00
0.5102    0.160676490803724E-01
1.1240    0.323832868267656E-01
1.6023    0.107289064356247E+00
1.4630    0.148050708459295E+00
1.7852    0.340455668070136E-01
1.2056    0.212629872143012E+00
0.9622    0.430516948039796E-01
1.0904    0.185205385703244E-01
1.8827    0.415440087577600E-01
1.4431    0.738520828449665E-01
1.4589    0.145619760899030E+00
0.8717    0.102148600305353E+00
1.7322    0.219832149791578E+00
1.6798    0.228011853966655E+00
0.8533    0.930949040621226E+00
1.8278    0.896969449702952E-01
0.2928    0.450623568758567E-02
1.6110    0.484407115030170E-01
1.8141    0.358112231333498E+00
1.0912    0.695236227364176E-01
1.0445    0.633585059276054E-01
1.2173    0.341463606031687E-01
1.3855    0.118634577260755E-01
1.5921    0.455622389488176E+00
1.1897    0.454181618387756E+00
1.6607    0.298406482437797E-01
1.5861    0.447682365104934E+00
0.7527    0.546468650041465E-01
1.2360    0.966127515177079E-01
0.8108    0.177727855171123E-01
1.0041    0.993815378755839E-01
1.4351    0.468406250317054E-01
0.9594    0.942234185765582E-01
0.7127    0.865844710103460E-02
1.4259    0.592621807734713E-01
1.4096    0.157420047685101E-01
1.9715    0.315197240049376E-01
1.8616    0.484753161648171E-01
1.3417    0.235589487300619E+00
0.7620    0.347693949715806E-01
1.6194    0.325929932480291E-01
1.2425    0.131274346384476E-01
0.9198    0.207517914144789E+00
1.6064    0.155370970058310E-01
1.9755    0.123766153233877E+00
1.6177    0.125070225438429E+00
1.3188    0.315166467667752E+00
1.6636    0.775180168177136E+00
0.5224    0.531009935340195E-02
1.9220    0.564528851186583E-01
0.8655    0.533728578383872E-01
1.5422    0.965248309051070E-01
1.4531    0.557397653030728E-01
1.4796    0.173284908801463E+00
0.9044    0.171273656776560E-01
0.9128    0.146071141900733E-01
1.7124    0.731970420973740E+02
1.3760    0.363430474083102E-01
0.7890    0.183863984695773E-01
1.3896    0.131025165935771E-01
1.9709    0.260908598375053E-01
1.3671    0.148623877905559E+00
1.8688    0.743339035492893E-01
0.5278    0.540857735377538E-01
1.9716    0.512801976445723E-01
1.1109    0.320303815933924E-01
1.6734    0.343111273430402E+00
1.8999    0.416974041996651E+00
1.3683    0.308384891843260E-01
1.5480    0.394394282878190E-01
1.4306    0.270276716125717E-01
1.4095    0.101725605970721E+00
0.9604    0.158642291636688E-01
0.9261    0.735706905609060E-01
0.7589    0.117037022853061E+01
1.4636    0.265770278153641E-01
0.5953    0.183026711921810E-01
1.9391    0.552167035117940E-01
1.4639    0.592493029992531E-01
1.3500    0.226974934986827E-01
0.9668    0.391091428364368E-01
0.5760    0.121774722161808E-01
1.1600    0.655064614625350E-01
1.2337    0.139413938265501E+00
0.4843    0.356535552856632E-02
1.9560    0.492358546887818E-01
0.9959    0.276968871610571E+01
0.8888    0.139185896225292E+00
1.4763    0.242079566942449E+00
1.9880    0.330510221382950E-01
1.5128    0.333877258034244E+00
1.4010    0.504716274964635E-01
1.5357    0.617528382721247E-01
1.6459    0.364655916020350E-01
1.2090    0.810874800462725E-02
1.0039    0.884368409596629E-01
1.2414    0.842697197207150E+01
1.5486    0.636690746755748E-01
1.4679    0.630442392797312E+00
1.8109    0.103004688647922E+00
1.2682    0.226312533329147E+03
0.7293    0.466445499630090E-01
1.7642    0.283703920695710E+00
1.8666    0.157211101041578E+00
1.7954    0.188872248176032E-01
0.8433    0.151703229290835E-01
0.4573    0.457135228662549E-02
1.4338    0.489876886320062E-01
1.1988    0.279477222268879E-01
1.5463    0.308798658924886E-01
1.6723    0.626756146551509E-01
0.9231    0.155502455579243E-01
0.6914    0.115975876498004E-01
1.3976    0.713309810601408E-01
1.0445    0.260151431251196E-01
0.5075    0.588410753920015E-02
1.4516    0.522661090468102E-01
1.5626    0.517840436376142E-01
0.8047    0.426309667514166E-01
0.5958    0.147788192471928E-01
1.3078    0.163742085176609E-01
1.9690    0.499402663646182E-01
1.1161    0.201704381289289E-01
0.9459    0.561750680452019E-01
1.1760    0.138953925399959E-01
1.5405    0.184829859965587E-01
1.1886    0.225077652495138E+00
1.6085    0.156411816043844E+00
1.8572    0.849117108630374E-01
0.4913    0.119859249268282E+00
1.9638    0.311998834854808E-01
1.4643    0.446290615709237E-01
0.9698    0.240666689554536E-01
1.4477    0.191798189418395E+00
1.7882    0.938111431670617E-01
1.3294    0.313978342274678E+00
1.7428    0.128065771572794E+00
1.7342    0.107733460413041E+00
1.3542    0.168493873707414E+00
1.9052    0.496403407376572E-01
0.6199    0.310646067794488E-01
1.9056    0.833049970520844E-01
1.2687    0.204893285915945E-01
1.7059    0.117144097296860E+01
1.9586    0.646625384961862E-01
1.4040    0.124104767089810E-01
1.8060    0.546801592960719E-01
1.2162    0.134510015327636E+00
0.9612    0.526166095046520E-01
1.4974    0.197557594541333E-01
1.2686    0.857487853663046E-01
1.2636    0.446605922295299E-01
1.1558    0.145806767223310E-01
1.1294    0.862726592113419E+00
0.7864    0.230300290217883E-01
1.8528    0.588761425364126E-01
1.6178    0.311199636859465E-01
1.6337    0.292338953997095E-01
1.8826    0.336302476978068E+00
1.3993    0.848716029439623E-01
1.3997    0.301522291306279E-01
1.0095    0.259581351415651E-01
1.3217    0.137467649443101E+00
0.7708    0.586169295149967E-02
1.8020    0.124211365190906E+00
1.0415    0.152736756213741E+00
1.9499    0.773196550529713E-01
0.6433    0.849794243948732E-02
0.1977    0.137005503744183E-02
1.5021    0.949711105199075E-01
1.1303    0.974991256632298E-01
0.4356    0.441521790524294E-02
1.3115    0.902232016433340E-01
0.8785    0.209949808945691E-01
1.4110    0.394947993198255E-01
1.3301    0.527373196815814E-01
1.1417    0.971554996584684E-01
0.8130    0.213259473245847E-01
1.1241    0.134513413494459E+00
1.0311    0.142217667518534E-01
0.5798    0.467931476751246E-02
1.9719    0.458143712565066E+00
0.9824    0.669252131814702E-01
0.9469    0.210225460740098E-01
0.7437    0.890420614696296E-02
0.7710    0.123396816929583E+00
0.9960    0.110152249326681E-01
1.3198    0.786818684676973E+00
1.8047    0.953389474804688E+01
1.8985    0.114341641360908E+00
1.2521    0.123091617045432E-01
1.2692    0.292619040907046E-01
1.5053    0.816204354787633E-01
1.7555    0.421591833802087E-01
1.6232    0.199678283848757E+00
1.5976    0.213085235855216E-01
1.8292    0.650817822943293E-01
1.8575    0.242197430181448E-01
1.6419    0.192690873044917E+01
1.3680    0.264205986590912E-01
0.7822    0.210035061239006E-01
1.1273    0.411420911987940E-01
0.8885    0.955514413930616E-02
1.7714    0.767997768582118E-01
1.2385    0.260234223275811E-01
1.9927    0.402908598384987E+03
1.8498    0.756530639953185E-01
1.0730    0.845575541487321E-01
1.6931    0.493435996385794E-01
0.8784    0.301302231611249E-01
1.5870    0.105422253921651E+00
