   29.3083801769587     
   97.9780629563188     
   184.532317933536     
   275.092771927355     
   361.194505800234     
   438.146778886777     
   503.796992303132     
   557.619180449858     
   600.064646400879     
   632.117402115450     
   655.002791958762     
   670.005815569450     
   678.364860747525     
   681.215276907807     
   679.564580986889     
   674.286823978428     
   666.127865477170     
   655.716274460370     
   643.576594919160     
   630.143048907956     
   13.8712588620470     
   54.1003031729156     
   116.448857972345     
   195.296517281548     
   284.914101885612     
   380.176368675460     
   476.880568080757     
   571.812790817782     
   662.672404701635     
   747.931484357617     
   755.634599820209     
   753.123581735837     
   742.453305148223     
   725.422392055134     
   703.562781319160     
   678.152969583221     
   650.242899915506     
   620.683239959300     
   590.154893935416     
   559.196548398398     
