  5.496936350165385E-022
  1.350648494383831E-022
  5.942674484088955E-023
  3.319219246424451E-023
  2.112977683151259E-023
  1.461236040437852E-023
  1.070059492135696E-023
  8.172228879118786E-024
  6.445568413465326E-024
  5.215241837324347E-024
  4.308496820747175E-024
  3.621670231926622E-024
  3.089514484751657E-024
  2.669306694738673E-024
  2.332127097744426E-024
  2.057835823789552E-024
  1.832058920999464E-024
  1.644315194290210E-024
  1.486815899445431E-024
  1.353674680382643E-024
  1.240375050232222E-024
  1.143403803117036E-024
  1.059993840754315E-024
  9.879406686960301E-025
  9.254694394050917E-025
  8.711372754840383E-025
  8.237606030881969E-025
  7.823604671026311E-025
  7.461209412083346E-025
  7.143571849214496E-025
  6.864906820191610E-025
  6.620298754923475E-025
  6.405548926241844E-025
  6.217053946003850E-025
  6.051708308285359E-025
  5.906825573673709E-025
  5.780074108383530E-025
  5.669424271658980E-025
  5.573104677078185E-025
  5.489565703331349E-025
  5.417448844795086E-025
  5.355560806023043E-025
  5.302851482385323E-025
  5.258395150331075E-025
  5.221374329214890E-025
  5.191065882910076E-025
  5.166829011494344E-025
  5.148094847116003E-025
  5.134357418211096E-025
  5.125165785890527E-025
  5.120117188045088E-025
  5.118851052380924E-025
  5.121043760579275E-025
  5.126404063101344E-025
  5.134669058602293E-025
  5.145600664057791E-025
  5.158982511983215E-025
  5.174617219878188E-025
  5.192323984521120E-025
  5.211936460177644E-025
  5.233300885339295E-025
  5.256274427409215E-025
  5.280723718910286E-025
  5.306523562399638E-025
  5.333555784408161E-025
  5.361708221449169E-025
  5.390873823510944E-025
  5.420949862509875E-025
  5.451837234973560E-025
  5.483439849779806E-025
  5.515664093126441E-025
  5.548418364072106E-025
  5.581612674990027E-025
  5.615158312132531E-025
  5.648967552227808E-025
  5.682953431634824E-025
  5.717029565077228E-025
  5.751110011371822E-025
  5.785109183869042E-025
  5.818941803539031E-025
  5.852522892773523E-025
  5.885767808036972E-025
  5.918592309496324E-025
  5.950912665693834E-025
  5.982645791208145E-025
  6.013709415082813E-025
  6.044022277596642E-025
  6.073504352715400E-025
  6.102077093309040E-025
  6.129663695953174E-025
  6.156189381868282E-025
  6.181581690296998E-025
  6.205770780389305E-025
  6.228689737469405E-025
  6.250274879406353E-025
  6.270466058713769E-025
  6.289206955969736E-025
  6.306445360183944E-025
  6.322133431849741E-025
  6.336227944606817E-025
  6.348690501706156E-025
  6.359487723810050E-025
  6.368591405071929E-025
  6.375978634915647E-025
  6.381631883462596E-025
  6.385539049125520E-025
  6.387693467487410E-025
  6.388093881197893E-025
  6.386744371233461E-025
  6.383654250466863E-025
  6.378837921060811E-025
  6.372314697728790E-025
  6.364108599379286E-025
  6.354248112069964E-025
  6.342765926537254E-025
  6.329698653829529E-025
  6.315086522756247E-025
  6.298973062969986E-025
  6.281404777526477E-025
  6.262430808722435E-025
  6.242102600898930E-025
  6.220473563726264E-025
  6.197598739263011E-025
  6.173534475816541E-025
  6.148338111334018E-025
  6.122067668731239E-025
  6.094781565230658E-025
  6.066538337438266E-025
  6.037396383549245E-025
  6.007413723741550E-025
  5.976647779500508E-025
  5.945155172321022E-025
  5.912991541960705E-025
  5.880211384170006E-025
  5.846867907605807E-025
  5.813012909443870E-025
  5.778696669043151E-025
  5.743967858880492E-025
  5.708873471866719E-025
  5.673458764072905E-025
  5.637767211836677E-025
  5.601840482181003E-025
  5.565718415459209E-025
  5.529439019138281E-025
  5.493038471645027E-025
  5.456551135224441E-025
  5.420009576794423E-025
  5.383444595823882E-025
  5.346885258310289E-025
  5.310358935986398E-025
  5.273891349942672E-025
  5.237506617910387E-025
  5.201227304509728E-025
  5.165074473826177E-025
  5.129067743736360E-025
  5.093225341461004E-025
  5.057564159876576E-025
  5.022099814168881E-025
  4.986846698460567E-025
  4.951818042090197E-025
  4.917025965263096E-025
  4.882481533833624E-025
  4.848194813014687E-025
  4.814174919843424E-025
  4.780430074262130E-025
  4.746967648700618E-025
  4.713794216070658E-025
  4.680915596104972E-025
  4.648336899992588E-025
  4.616062573279512E-025
  4.584096437018552E-025
  4.552441727165316E-025
  4.521101132228515E-025
  4.490076829192468E-025
  4.459370517737824E-025
  4.428983452793348E-025
  4.398916475457388E-025
  4.369170042332117E-025
  4.339744253317409E-025
  4.310638877913976E-025
  4.281853380087535E-025
  4.253386941747200E-025
  4.225238484892187E-025
  4.197406692481353E-025
  4.169890028080079E-025
  4.142686754338632E-025
  4.115794950355516E-025
  4.089212527978388E-025
  4.062937247094027E-025
  4.036966729957557E-025
  4.011298474609703E-025
  3.985929867429353E-025
  3.960858194867111E-025
  3.936080654403867E-025
  3.911594364776722E-025
  3.887396375512926E-025
  3.863483675810747E-025
  3.839853202804526E-025
  3.816501849249445E-025
  3.793426470659951E-025
  3.770623891934068E-025
  3.748090913494331E-025
  3.725824316974488E-025
  3.703820870479630E-025
  3.682077333446005E-025
  3.660590461125320E-025
  3.639357008717069E-025
  3.618373735171077E-025
  3.597637406681286E-025
  3.577144799890558E-025
  3.556892704825240E-025
  3.536877927577069E-025
  3.517097292749057E-025
  3.497547645680970E-025
  3.478225854469140E-025
  3.459128811794427E-025
  3.440253436571368E-025
  3.421596675430724E-025
  3.403155504046926E-025
  3.384926928321195E-025
  3.366907985430460E-025
  3.349095744751566E-025
  3.331487308669676E-025
  3.314079813279210E-025
  3.296870428985131E-025
  3.279856361011923E-025
  3.263034849827078E-025
  3.246403171485558E-025
  3.229958637901181E-025
  3.213698597050587E-025
  3.197620433115013E-025
  3.181721566564789E-025
  3.165999454191122E-025
  3.150451589089478E-025
  3.135075500598519E-025
  3.119868754198363E-025
  3.104828951371601E-025
  3.089953729430359E-025
  3.075240761312397E-025
  3.060687755349061E-025
  3.046292455007734E-025
  3.032052638611202E-025
  3.017966119036224E-025
  3.004030743393409E-025
  2.990244392690361E-025
  2.976604981479938E-025
  2.963110457495273E-025
  2.949758801273200E-025
  2.936548025767458E-025
  2.923476175953098E-025
  2.910541328423304E-025
  2.897741590979785E-025
  2.885075102217845E-025
  2.872540031107061E-025
  2.860134576568550E-025
  2.847856967049612E-025
  2.835705460096558E-025
  2.823678341926416E-025
  2.811773926998197E-025
  2.799990557584294E-025
  2.788326603342592E-025
  2.776780460889779E-025
  2.765350553376323E-025
  2.754035330063545E-025
  2.742833265903162E-025
  2.731742861119653E-025
  2.720762640795755E-025
  2.709891154461394E-025
  2.699126975686292E-025
  2.688468701676468E-025
  2.677914952874887E-025
  2.667464372566372E-025
  2.657115626487005E-025
  2.646867402438118E-025
  2.636718409905016E-025
  2.626667379680540E-025
  2.616713063493547E-025
  2.606854233642414E-025
  2.597089682633595E-025
  2.587418222825312E-025
  2.577838686076407E-025
  2.568349923400388E-025
  2.558950804624688E-025
  2.549640218055160E-025
  2.540417070145790E-025
  2.531280285173648E-025
  2.522228804919057E-025
  2.513261588350954E-025
  2.504377611317438E-025
  2.495575866241466E-025
  2.486855361821670E-025
  2.478215122738252E-025
  2.469654189363923E-025
  2.461171617479852E-025
  2.452766477996540E-025
  2.444437856679629E-025
  2.436184853880529E-025
  2.428006584271867E-025
  2.419902176587651E-025
  2.411870773368130E-025
  2.403911530709274E-025
  2.396023618016801E-025
  2.388206217764716E-025
  2.380458525258273E-025
  2.372779748401320E-025
  2.365169107467936E-025
  2.357625834878318E-025
  2.350149174978850E-025
  2.342738383826266E-025
  2.335392728975874E-025
  2.328111489273752E-025
  2.320893954652864E-025
  2.313739425933018E-025
  2.306647214624614E-025
  2.299616642736110E-025
  2.292647042585143E-025
  2.285737756613244E-025
  2.278888137204073E-025
  2.272097546505129E-025
  2.265365356252857E-025
  2.258690947601104E-025
  2.252073710952841E-025
  2.245513045795119E-025
  2.239008360537179E-025
  2.232559072351664E-025
  2.226164607018880E-025
  2.219824398774030E-025
  2.213537890157398E-025
  2.207304531867381E-025
  2.201123782616372E-025
  2.194995108989374E-025
  2.188917985305356E-025
  2.182891893481244E-025
  2.176916322898538E-025
  2.170990770272472E-025
  2.165114739523695E-025
  2.159287741652395E-025
  2.153509294614846E-025
  2.147778923202304E-025
  2.142096158922236E-025
  2.136460539881800E-025
  2.130871610673569E-025
  2.125328922263413E-025
  2.119832031880543E-025
  2.114380502909634E-025
  2.108973904785008E-025
  2.103611812886826E-025
  2.098293808439254E-025
  2.093019478410564E-025
  2.087788415415121E-025
  2.082600217617244E-025
  2.077454488636858E-025
  2.072350837456962E-025
  2.067288878332814E-025
  2.062268230702850E-025
  2.057288519101266E-025
  2.052349373072252E-025
  2.047450427085836E-025
  2.042591320455303E-025
  2.037771697256168E-025
  2.032991206246654E-025
  2.028249500789668E-025
  2.023546238776225E-025
  2.018881082550303E-025
  2.014253698835092E-025
  2.009663758660613E-025
  2.005110937292693E-025
  2.000594914163229E-025
  1.996115372801774E-025
  1.991672000768358E-025
  1.987264489587568E-025
  1.982892534683835E-025
  1.978555835317903E-025
  1.974254094524478E-025
  1.969987019051014E-025
  1.965754319297615E-025
  1.961555709258040E-025
  1.957390906461784E-025
  1.953259631917214E-025
  1.949161610055737E-025
  1.945096568676982E-025
  1.941064238894979E-025
  1.937064355085307E-025
  1.933096654833205E-025
  1.929160878882608E-025
  1.925256771086109E-025
  1.921384078355820E-025
  1.917542550615113E-025
  1.913731940751225E-025
  1.909952004568714E-025
  1.906202500743747E-025
  1.902483190779198E-025
  1.898793838960553E-025
  1.895134212312591E-025
  1.891504080556843E-025
  1.887903216069795E-025
  1.884331393841836E-025
  1.880788391436932E-025
  1.877273988953011E-025
  1.873787968983037E-025
  1.870330116576779E-025
  1.866900219203251E-025
  1.863498066713794E-025
  1.860123451305830E-025
  1.856776167487223E-025
  1.853456012041275E-025
  1.850162783992333E-025
  1.846896284571989E-025
  1.843656317185860E-025
  1.840442687380960E-025
  1.837255202813623E-025
  1.834093673217981E-025
  1.830957910374994E-025
  1.827847728082003E-025
  1.824762942122812E-025
  1.821703370238285E-025
  1.818668832097438E-025
  1.815659149269039E-025
  1.812674145193678E-025
  1.809713645156328E-025
  1.806777476259359E-025
  1.803865467396025E-025
  1.800977449224392E-025
  1.798113254141706E-025
  1.795272716259204E-025
  1.792455671377347E-025
  1.789661956961461E-025
  1.786891412117806E-025
  1.784143877570038E-025
  1.781419195636062E-025
  1.778717210205285E-025
  1.776037766716237E-025
  1.773380712134582E-025
  1.770745894931477E-025
  1.768133165062314E-025
  1.765542373945792E-025
  1.762973374443364E-025
  1.760426020838998E-025
  1.757900168819295E-025
  1.755395675453926E-025
  1.752912399176395E-025
  1.750450199765118E-025
  1.748008938324819E-025
  1.745588477268228E-025
  1.743188680298080E-025
  1.740809412389412E-025
  1.738450539772155E-025
  1.736111929913994E-025
  1.733793451503532E-025
  1.731494974433715E-025
  1.729216369785526E-025
  1.726957509811953E-025
  1.724718267922212E-025
  1.722498518666232E-025
  1.720298137719386E-025
  1.718117001867470E-025
  1.715954988991934E-025
  1.713811978055339E-025
  1.711687849087060E-025
  1.709582483169214E-025
  1.707495762422815E-025
  1.705427569994153E-025
  1.703377790041395E-025
  1.701346307721395E-025
  1.699333009176720E-025
  1.697337781522880E-025
  1.695360512835772E-025
  1.693401092139309E-025
  1.691459409393260E-025
  1.689535355481278E-025
  1.687628822199121E-025
  1.685739702243054E-025
  1.683867889198449E-025
  1.682013277528546E-025
  1.680175762563414E-025
  1.678355240489067E-025
  1.676551608336770E-025
  1.674764763972494E-025
  1.672994606086561E-025
  1.671241034183429E-025
  1.669503948571655E-025
  1.667783250354005E-025
  1.666078841417724E-025
  1.664390624424963E-025
  1.662718502803342E-025
  1.661062380736679E-025
  1.659422163155846E-025
  1.657797755729784E-025
  1.656189064856644E-025
  1.654595997655075E-025
  1.653018461955648E-025
  1.651456366292401E-025
  1.649909619894535E-025
  1.648378132678222E-025
  1.646861815238547E-025
  1.645360578841571E-025
  1.643874335416525E-025
  1.642402997548111E-025
  1.640946478468935E-025
  1.639504692052048E-025
  1.638077552803604E-025
  1.636664975855630E-025
  1.635266876958910E-025
  1.633883172475974E-025
  1.632513779374195E-025
  1.631158615218995E-025
  1.629817598167148E-025
  1.628490646960195E-025
  1.627177680917943E-025
  1.625878619932084E-025
  1.624593384459893E-025
  1.623321895518029E-025
  1.622064074676429E-025
  1.620819844052298E-025
  1.619589126304180E-025
  1.618371844626127E-025
  1.617167922741955E-025
  1.615977284899582E-025
  1.614799855865451E-025
  1.613635560919045E-025
  1.612484325847475E-025
  1.611346076940147E-025
  1.610220740983522E-025
  1.609108245255940E-025
  1.608008517522527E-025
  1.606921486030178E-025
  1.605847079502612E-025
  1.604785227135504E-025
  1.603735858591685E-025
  1.602698903996411E-025
  1.601674293932713E-025
  1.600661959436801E-025
  1.599661831993542E-025
  1.598673843532008E-025
  1.597697926421081E-025
  1.596734013465129E-025
  1.595782037899743E-025
  1.594841933387531E-025
  1.593913634013984E-025
  1.592997074283390E-025
  1.592092189114816E-025
  1.591198913838142E-025
  1.590317184190154E-025
  1.589446936310701E-025
  1.588588106738888E-025
  1.587740632409347E-025
  1.586904450648543E-025
  1.586079499171140E-025
  1.585265716076424E-025
  1.584463039844763E-025
  1.583671409334128E-025
  1.582890763776664E-025
  1.582121042775302E-025
  1.581362186300421E-025
  1.580614134686561E-025
  1.579876828629180E-025
  1.579150209181454E-025
  1.578434217751119E-025
  1.577728796097369E-025
  1.577033886327783E-025
  1.576349430895304E-025
  1.575675372595253E-025
  1.575011654562388E-025
  1.574358220268005E-025
  1.573715013517073E-025
  1.573081978445413E-025
  1.572459059516915E-025
  1.571846201520786E-025
  1.571243349568848E-025
  1.570650449092857E-025
  1.570067445841875E-025
  1.569494285879660E-025
  1.568930915582104E-025
  1.568377281634697E-025
  1.567833331030034E-025
  1.567299011065339E-025
  1.566774269340042E-025
  1.566259053753371E-025
  1.565753312501982E-025
  1.565256994077622E-025
  1.564770047264823E-025
  1.564292421138616E-025
  1.563824065062286E-025
  1.563364928685153E-025
  1.562914961940376E-025
  1.562474115042793E-025
  1.562042338486782E-025
  1.561619583044155E-025
  1.561205799762069E-025
  1.560800939960975E-025
  1.560404955232588E-025
  1.560017797437878E-025
  1.559639418705090E-025
  1.559269771427789E-025
  1.558908808262932E-025
  1.558556482128953E-025
  1.558212746203881E-025
  1.557877553923480E-025
  1.557550858979411E-025
  1.557232615317407E-025
  1.556922777135487E-025
  1.556621298882176E-025
  1.556328135254757E-025
  1.556043241197534E-025
  1.555766571900125E-025
  1.555498082795768E-025
  1.555237729559648E-025
  1.554985468107249E-025
  1.554741254592717E-025
  1.554505045407250E-025
  1.554276797177492E-025
  1.554056466763970E-025
  1.553844011259522E-025
  1.553639387987760E-025
  1.553442554501545E-025
  1.553253468581477E-025
  1.553072088234405E-025
  1.552898371691952E-025
  1.552732277409056E-025
  1.552573764062529E-025
  1.552422790549627E-025
  1.552279315986640E-025
  1.552143299707497E-025
  1.552014701262381E-025
  1.551893480416364E-025
  1.551779597148057E-025
  1.551673011648264E-025
  1.551573684318668E-025
  1.551481575770510E-025
  1.551396646823301E-025
  1.551318858503532E-025
  1.551248172043403E-025
  1.551184548879573E-025
  1.551127950651902E-025
  1.551078339202229E-025
  1.551035676573148E-025
  1.550999925006797E-025
  1.550971046943663E-025
  1.550949005021398E-025
  1.550933762073645E-025
  1.550925281128874E-025
  1.550923525409232E-025
  1.550928458329405E-025
  1.550940043495484E-025
  1.550958244703850E-025
  1.550983025940064E-025
  1.551014351377766E-025
  1.551052185377595E-025
  1.551096492486100E-025
  1.551147237434682E-025
  1.551204385138527E-025
  1.551267900695562E-025
  1.551337749385410E-025
  1.551413896668365E-025
  1.551496308184368E-025
  1.551584949751992E-025
  1.551679787367439E-025
  1.551780787203546E-025
  1.551887915608796E-025
  1.552001139106342E-025
  1.552120424393034E-025
  1.552245738338455E-025
  1.552377047983973E-025
  1.552514320541789E-025
  1.552657523394000E-025
  1.552806624091666E-025
  1.552961590353892E-025
  1.553122390066905E-025
  1.553288991283149E-025
  1.553461362220382E-025
  1.553639471260781E-025
  1.553823286950058E-025
  1.554012777996572E-025
  1.554207913270461E-025
  1.554408661802773E-025
  1.554614992784603E-025
  1.554826875566241E-025
  1.555044279656324E-025
  1.555267174720992E-025
  1.555495530583057E-025
  1.555729317221166E-025
  1.555968504768986E-025
  1.556213063514382E-025
  1.556462963898604E-025
  1.556718176515487E-025
  1.556978672110643E-025
  1.557244421580674E-025
  1.557515395972378E-025
  1.557791566481968E-025
  1.558072904454291E-025
  1.558359381382060E-025
  1.558650968905082E-025
  1.558947638809497E-025
  1.559249363027021E-025
  1.559556113634194E-025
  1.559867862851630E-025
  1.560184583043281E-025
  1.560506246715692E-025
  1.560832826517273E-025
  1.561164295237567E-025
  1.561500625806531E-025
  1.561841791293816E-025
  1.562187764908049E-025
  1.562538519996129E-025
  1.562894030042516E-025
  1.563254268668534E-025
  1.563619209631673E-025
  1.563988826824896E-025
  1.564363094275953E-025
  1.564741986146692E-025
  1.565125476732386E-025
  1.565513540461050E-025
  1.565906151892776E-025
  1.566303285719059E-025
  1.566704916762139E-025
  1.567111019974334E-025
  1.567521570437391E-025
  1.567936543361827E-025
  1.568355914086287E-025
  1.568779658076892E-025
  1.569207750926603E-025
  1.569640168354582E-025
  1.570076886205556E-025
  1.570517880449188E-025
  1.570963127179452E-025
  1.571412602614005E-025
  1.571866283093571E-025
  1.572324145081320E-025
  1.572786165162260E-025
  1.573252320042624E-025
  1.573722586549261E-025
  1.574196941629039E-025
  1.574675362348238E-025
  1.575157825891958E-025
  1.575644309563521E-025
  1.576134790783885E-025
  1.576629247091054E-025
  1.577127656139492E-025
  1.577629995699543E-025
  1.578136243656856E-025
  1.578646378011803E-025
  1.579160376878913E-025
  1.579678218486299E-025
  1.580199881175091E-025
  1.580725343398874E-025
  1.581254583723130E-025
  1.581787580824672E-025
  1.582324313491098E-025
  1.582864760620232E-025
  1.583408901219579E-025
  1.583956714405776E-025
  1.584508179404049E-025
  1.585063275547670E-025
  1.585621982277419E-025
  1.586184279141051E-025
  1.586750145792759E-025
  1.587319561992642E-025
  1.587892507606185E-025
  1.588468962603723E-025
  1.589048907059926E-025
  1.589632321153275E-025
  1.590219185165544E-025
  1.590809479481287E-025
  1.591403184587322E-025
  1.592000281072225E-025
  1.592600749625817E-025
  1.593204571038661E-025
  1.593811726201559E-025
  1.594422196105053E-025
  1.595035961838924E-025
  1.595653004591695E-025
  1.596273305650143E-025
  1.596896846398802E-025
  1.597523608319478E-025
  1.598153572990758E-025
  1.598786722087534E-025
  1.599423037380511E-025
  1.600062500735734E-025
  1.600705094114110E-025
  1.601350799570928E-025
  1.601999599255393E-025
  1.602651475410150E-025
  1.603306410370819E-025
  1.603964386565524E-025
  1.604625386514434E-025
  1.605289392829300E-025
  1.605956388212990E-025
  1.606626355459038E-025
  1.607299277451187E-025
  1.607975137162929E-025
  1.608653917657066E-025
  1.609335602085247E-025
  1.610020173687531E-025
  1.610707615791939E-025
  1.611397911814007E-025
  1.612091045256351E-025
  1.612786999708225E-025
  1.613485758845084E-025
  1.614187306428150E-025
  1.614891626303978E-025
  1.615598702404026E-025
  1.616308518744227E-025
  1.617021059424560E-025
  1.617736308628625E-025
  1.618454250623224E-025
  1.619174869757934E-025
  1.619898150464693E-025
  1.620624077257381E-025
  1.621352634731404E-025
  1.622083807563281E-025
  1.622817580510231E-025
  1.623553938409772E-025
  1.624292866179298E-025
  1.625034348815689E-025
  1.625778371394897E-025
  1.626524919071548E-025
  1.627273977078541E-025
  1.628025530726650E-025
  1.628779565404126E-025
  1.629536066576306E-025
  1.630295019785215E-025
  1.631056410649182E-025
  1.631820224862443E-025
  1.632586448194759E-025
  1.633355066491029E-025
  1.634126065670905E-025
  1.634899431728412E-025
  1.635675150731567E-025
  1.636453208821999E-025
  1.637233592214575E-025
  1.638016287197023E-025
  1.638801280129558E-025
  1.639588557444515E-025
  1.640378105645973E-025
  1.641169911309392E-025
  1.641963961081245E-025
  1.642760241678649E-025
  1.643558739889011E-025
  1.644359442569661E-025
  1.645162336647493E-025
  1.645967409118604E-025
  1.646774647047947E-025
  1.647584037568967E-025
  1.648395567883253E-025
  1.649209225260186E-025
  1.650024997036588E-025
  1.650842870616377E-025
  1.651662833470216E-025
  1.652484873135175E-025
  1.653308977214381E-025
  1.654135133376681E-025
  1.654963329356300E-025
  1.655793552952505E-025
  1.656625792029265E-025
  1.657460034514923E-025
  1.658296268401849E-025
  1.659134481746125E-025
  1.659974662667201E-025
  1.660816799347574E-025
  1.661660880032459E-025
  1.662506893029461E-025
  1.663354826708253E-025
  1.664204669500255E-025
  1.665056409898308E-025
  1.665910036456362E-025
  1.666765537789149E-025
  1.667622902571875E-025
  1.668482119539901E-025
  1.669343177488429E-025
  1.670206065272191E-025
  1.671070771805139E-025
  1.671937286060137E-025
  1.672805597068650E-025
  1.673675693920442E-025
  1.674547565763270E-025
  1.675421201802581E-025
  1.676296591301210E-025
  1.677173723579079E-025
  1.678052588012901E-025
  1.678933174035883E-025
  1.679815471137423E-025
  1.680699468862827E-025
  1.681585156813009E-025
  1.682472524644199E-025
  1.683361562067656E-025
  1.684252258849378E-025
  1.685144604809814E-025
  1.686038589823581E-025
  1.686934203819176E-025
  1.687831436778695E-025
  1.688730278737550E-025
  1.689630719784190E-025
  1.690532750059822E-025
  1.691436359758132E-025
  1.692341539125012E-025
  1.693248278458279E-025
  1.694156568107408E-025
  1.695066398473258E-025
  1.695977760007798E-025
  1.696890643213842E-025
  1.697805038644778E-025
  1.698720936904302E-025
  1.699638328646152E-025
  1.700557204573845E-025
  1.701477555440414E-025
  1.702399372048144E-025
  1.703322645248316E-025
  1.704247365940942E-025
  1.705173525074516E-025
  1.706101113645748E-025
  1.707030122699315E-025
  1.707960543327606E-025
  1.708892366670469E-025
  1.709825583914959E-025
  1.710760186295087E-025
  1.711696165091576E-025
  1.712633511631607E-025
  1.713572217288579E-025
  1.714512273481857E-025
  1.715453671676537E-025
  1.716396403383191E-025
  1.717340460157640E-025
  1.718285833600701E-025
  1.719232515357957E-025
  1.720180497119517E-025
  1.721129770619773E-025
  1.722080327637175E-025
  1.723032159993989E-025
  1.723985259556068E-025
  1.724939618232619E-025
  1.725895227975971E-025
  1.726852080781348E-025
  1.727810168686638E-025
  1.728769483772170E-025
  1.729730018160482E-025
  1.730691764016103E-025
  1.731654713545324E-025
  1.732618858995976E-025
  1.733584192657213E-025
  1.734550706859286E-025
  1.735518393973327E-025
  1.736487246411133E-025
  1.737457256624944E-025
  1.738428417107229E-025
  1.739400720390475E-025
  1.740374159046969E-025
  1.741348725688586E-025
  1.742324412966580E-025
  1.743301213571373E-025
  1.744279120232343E-025
  1.745258125717620E-025
  1.746238222833877E-025
  1.747219404426121E-025
  1.748201663377496E-025
  1.749184992609070E-025
  1.750169385079638E-025
  1.751154833785518E-025
  1.752141331760353E-025
  1.753128872074906E-025
  1.754117447836867E-025
  1.755107052190653E-025
  1.756097678317212E-025
  1.757089319433823E-025
  1.758081968793909E-025
  1.759075619686841E-025
  1.760070265437741E-025
  1.761065899407297E-025
  1.762062514991566E-025
  1.763060105621791E-025
  1.764058664764208E-025
  1.765058185919861E-025
  1.766058662624412E-025
  1.767060088447961E-025
  1.768062456994855E-025
  1.769065761903509E-025
  1.770069996846224E-025
  1.771075155529000E-025
  1.772081231691361E-025
  1.773088219106170E-025
  1.774096111579456E-025
  1.775104902950230E-025
  1.776114587090315E-025
  1.777125157904161E-025
  1.778136609328678E-025
  1.779148935333059E-025
  1.780162129918606E-025
  1.781176187118558E-025
  1.782191100997919E-025
  1.783206865653288E-025
  1.784223475212693E-025
  1.785240923835415E-025
  1.786259205711825E-025
  1.787278315063218E-025
  1.788298246141644E-025
  1.789318993229742E-025
  1.790340550640583E-025
  1.791362912717495E-025
  1.792386073833910E-025
  1.793410028393200E-025
  1.794434770828512E-025
  1.795460295602616E-025
  1.796486597207736E-025
  1.797513670165402E-025
  1.798541509026283E-025
  1.799570108370039E-025
  1.800599462805158E-025
  1.801629566968806E-025
  1.802660415526671E-025
  1.803692003172812E-025
  1.804724324629501E-025
  1.805757374647077E-025
  1.806791148003794E-025
  1.807825639505669E-025
  1.808860843986334E-025
  1.809896756306889E-025
  1.810933371355753E-025
  1.811970684048515E-025
  1.813008689327792E-025
  1.814047382163084E-025
  1.815086757550624E-025
  1.816126810513241E-025
  1.817167536100211E-025
  1.818208929387123E-025
  1.819250985475726E-025
  1.820293699493801E-025
  1.821337066595012E-025
  1.822381081958771E-025
  1.823425740790100E-025
  1.824471038319489E-025
  1.825516969802766E-025
  1.826563530520956E-025
  1.827610715780145E-025
  1.828658520911350E-025
  1.829706941270381E-025
  1.830755972237710E-025
  1.831805609218339E-025
  1.832855847641663E-025
  1.833906682961346E-025
  1.834958110655186E-025
  1.836010126224991E-025
  1.837062725196441E-025
  1.838115903118968E-025
  1.839169655565623E-025
  1.840223978132955E-025
  1.841278866440879E-025
  1.842334316132554E-025
  1.843390322874256E-025
  1.844446882355257E-025
  1.845503990287697E-025
  1.846561642406466E-025
  1.847619834469081E-025
  1.848678562255561E-025
  1.849737821568309E-025
  1.850797608231993E-025
  1.851857918093424E-025
  1.852918747021439E-025
  1.853980090906782E-025
  1.855041945661987E-025
  1.856104307221259E-025
  1.857167171540364E-025
  1.858230534596503E-025
  1.859294392388208E-025
  1.860358740935221E-025
  1.861423576278381E-025
  1.862488894479513E-025
  1.863554691621314E-025
  1.864620963807243E-025
  1.865687707161406E-025
  1.866754917828449E-025
  1.867822591973447E-025
  1.868890725781793E-025
  1.869959315459091E-025
  1.871028357231047E-025
  1.872097847343362E-025
  1.873167782061624E-025
  1.874238157671200E-025
  1.875308970477137E-025
  1.876380216804045E-025
  1.877451892996005E-025
  1.878523995416455E-025
  1.879596520448092E-025
  1.880669464492765E-025
  1.881742823971378E-025
  1.882816595323782E-025
  1.883890775008678E-025
  1.884965359503514E-025
  1.886040345304386E-025
  1.887115728925934E-025
  1.888191506901254E-025
  1.889267675781784E-025
  1.890344232137220E-025
  1.891421172555408E-025
  1.892498493642254E-025
  1.893576192021625E-025
  1.894654264335250E-025
  1.895732707242631E-025
  1.896811517420943E-025
  1.897890691564943E-025
  1.898970226386872E-025
  1.900050118616365E-025
  1.901130365000360E-025
  1.902210962302998E-025
  1.903291907305540E-025
  1.904373196806273E-025
  1.905454827620414E-025
  1.906536796580027E-025
  1.907619100533929E-025
  1.908701736347603E-025
  1.909784700903106E-025
  1.910867991098983E-025
  1.911951603850182E-025
  1.913035536087958E-025
  1.914119784759796E-025
  1.915204346829318E-025
  1.916289219276200E-025
  1.917374399096086E-025
  1.918459883300502E-025
  1.919545668916773E-025
  1.920631752987938E-025
  1.921718132572666E-025
  1.922804804745174E-025
  1.923891766595145E-025
  1.924979015227642E-025
  1.926066547763031E-025
  1.927154361336898E-025
  1.928242453099964E-025
  1.929330820218012E-025
  1.930419459871802E-025
  1.931508369256993E-025
  1.932597545584062E-025
  1.933686986078228E-025
  1.934776687979375E-025
  1.935866648541967E-025
  1.936956865034978E-025
  1.938047334741815E-025
  1.939138054960234E-025
  1.940229023002272E-025
  1.941320236194168E-025
  1.942411691876287E-025
  1.943503387403047E-025
  1.944595320142842E-025
  1.945687487477971E-025
  1.946779886804561E-025
  1.947872515532499E-025
  1.948965371085353E-025
  1.950058450900303E-025
  1.951151752428068E-025
  1.952245273132836E-025
  1.953339010492190E-025
  1.954432961997040E-025
  1.955527125151550E-025
  1.956621497473070E-025
  1.957716076492063E-025
  1.958810859752042E-025
  1.959905844809496E-025
  1.961001029233819E-025
  1.962096410607250E-025
  1.963191986524799E-025
  1.964287754594179E-025
  1.965383712435745E-025
  1.966479857682422E-025
  1.967576187979639E-025
  1.968672700985266E-025
  1.969769394369545E-025
  1.970866265815027E-025
  1.971963313016506E-025
  1.973060533680958E-025
  1.974157925527469E-025
  1.975255486287179E-025
  1.976353213703217E-025
  1.977451105530632E-025
  1.978549159536339E-025
  1.979647373499049E-025
  1.980745745209213E-025
  1.981844272468955E-025
  1.982942953092015E-025
  1.984041784903685E-025
  1.985140765740749E-025
  1.986239893451423E-025
  1.987339165895297E-025
  1.988438580943269E-025
  1.989538136477493E-025
  1.990637830391314E-025
  1.991737660589215E-025
  1.992837624986754E-025
  1.993937721510505E-025
  1.995037948098006E-025
  1.996138302697695E-025
  1.997238783268859E-025
  1.998339387781572E-025
  1.999440114216639E-025
  2.000540960565545E-025
  2.001641924830392E-025
  2.002743005023848E-025
  2.003844199169090E-025
  2.004945505299753E-025
  2.006046921459864E-025
  2.007148445703803E-025
  2.008250076096235E-025
  2.009351810712067E-025
  2.010453647636387E-025
  2.011555584964415E-025
  2.012657620801448E-025
  2.013759753262809E-025
  2.014861980473793E-025
  2.015964300569613E-025
  2.017066711695356E-025
  2.018169212005922E-025
  2.019271799665979E-025
  2.020374472849910E-025
  2.021477229741761E-025
  2.022580068535195E-025
  2.023682987433437E-025
  2.024785984649225E-025
  2.025889058404763E-025
  2.026992206931671E-025
  2.028095428470935E-025
  2.029198721272856E-025
  2.030302083597007E-025
  2.031405513712181E-025
  2.032509009896342E-025
  2.033612570436581E-025
  2.034716193629067E-025
  2.035819877778997E-025
  2.036923621200554E-025
  2.038027422216856E-025
  2.039131279159914E-025
  2.040235190370580E-025
  2.041339154198506E-025
  2.042443169002098E-025
  2.043547233148467E-025
  2.044651345013386E-025
  2.045755502981247E-025
  2.046859705445014E-025
  2.047963950806178E-025
  2.049068237474716E-025
  2.050172563869042E-025
  2.051276928415968E-025
  2.052381329550658E-025
  2.053485765716587E-025
  2.054590235365495E-025
  2.055694736957346E-025
  2.056799268960284E-025
  2.057903829850596E-025
  2.059008418112660E-025
  2.060113032238914E-025
  2.061217670729805E-025
  2.062322332093756E-025
  2.063427014847118E-025
  2.064531717514133E-025
  2.065636438626890E-025
  2.066741176725290E-025
  2.067845930357000E-025
  2.068950698077416E-025
  2.070055478449621E-025
  2.071160270044347E-025
  2.072265071439938E-025
  2.073369881222305E-025
  2.074474697984892E-025
  2.075579520328633E-025
  2.076684346861918E-025
  2.077789176200551E-025
  2.078894006967716E-025
  2.079998837793930E-025
  2.081103667317018E-025
  2.082208494182066E-025
  2.083313317041387E-025
  2.084418134554484E-025
  2.085522945388011E-025
  2.086627748215739E-025
  2.087732541718519E-025
  2.088837324584244E-025
  2.089942095507813E-025
  2.091046853191097E-025
  2.092151596342901E-025
  2.093256323678931E-025
  2.094361033921755E-025
  2.095465725800773E-025
  2.096570398052176E-025
  2.097675049418917E-025
  2.098779678650668E-025
  2.099884284503799E-025
  2.100988865741330E-025
  2.102093421132904E-025
  2.103197949454753E-025
  2.104302449489663E-025
  2.105406920026939E-025
  2.106511359862376E-025
  2.107615767798222E-025
  2.108720142643145E-025
  2.109824483212203E-025
  2.110928788326810E-025
  2.112033056814701E-025
  2.113137287509905E-025
  2.114241479252709E-025
  2.115345630889626E-025
  2.116449741273364E-025
  2.117553809262799E-025
  2.118657833722933E-025
  2.119761813524872E-025
  2.120865747545794E-025
  2.121969634668912E-025
  2.123073473783451E-025
  2.124177263784611E-025
  2.125281003573539E-025
  2.126384692057302E-025
  2.127488328148852E-025
  2.128591910766998E-025
  2.129695438836375E-025
  2.130798911287418E-025
  2.131902327056329E-025
  2.133005685085049E-025
  2.134108984321228E-025
  2.135212223718196E-025
  2.136315402234938E-025
  2.137418518836059E-025
  2.138521572491760E-025
  2.139624562177808E-025
  2.140727486875508E-025
  2.141830345571675E-025
  2.142933137258606E-025
  2.144035860934052E-025
  2.145138515601191E-025
  2.146241100268601E-025
  2.147343613950230E-025
  2.148446055665371E-025
  2.149548424438636E-025
  2.150650719299926E-025
  2.151752939284407E-025
  2.152855083432481E-025
  2.153957150789763E-025
  2.155059140407051E-025
  2.156161051340300E-025
  2.157262882650601E-025
  2.158364633404148E-025
  2.159466302672216E-025
  2.160567889531135E-025
  2.161669393062267E-025
  2.162770812351975E-025
  2.163872146491601E-025
  2.164973394577441E-025
  2.166074555710723E-025
  2.167175628997572E-025
  2.168276613548998E-025
  2.169377508480865E-025
  2.170478312913863E-025
  2.171579025973492E-025
  2.172679646790033E-025
  2.173780174498524E-025
  2.174880608238735E-025
  2.175980947155148E-025
  2.177081190396930E-025
  2.178181337117912E-025
  2.179281386476563E-025
  2.180381337635969E-025
  2.181481189763806E-025
  2.182580942032322E-025
  2.183680593618312E-025
  2.184780143703093E-025
  2.185879591472484E-025
  2.186978936116784E-025
  2.188078176830744E-025
  2.189177312813554E-025
  2.190276343268813E-025
  2.191375267404508E-025
  2.192474084432995E-025
  2.193572793570977E-025
  2.194671394039478E-025
  2.195769885063825E-025
  2.196868265873628E-025
  2.197966535702753E-025
  2.199064693789304E-025
  2.200162739375604E-025
  2.201260671708170E-025
  2.202358490037694E-025
  2.203456193619023E-025
  2.204553781711133E-025
  2.205651253577117E-025
  2.206748608484158E-025
  2.207845845703511E-025
  2.208942964510479E-025
  2.210039964184400E-025
  2.211136844008620E-025
  2.212233603270477E-025
  2.213330241261279E-025
  2.214426757276287E-025
  2.215523150614690E-025
  2.216619420579592E-025
  2.217715566477986E-025
  2.218811587620741E-025
  2.219907483322579E-025
  2.221003252902053E-025
  2.222098895681535E-025
  2.223194410987194E-025
  2.224289798148972E-025
  2.225385056500574E-025
  2.226480185379442E-025
  2.227575184126741E-025
  2.228670052087338E-025
  2.229764788609784E-025
  2.230859393046299E-025
  2.231953864752747E-025
  2.233048203088624E-025
  2.234142407417038E-025
  2.235236477104689E-025
  2.236330411521856E-025
  2.237424210042373E-025
  2.238517872043617E-025
  2.239611396906487E-025
  2.240704784015388E-025
  2.241798032758213E-025
  2.242891142526325E-025
  2.243984112714543E-025
  2.245076942721121E-025
  2.246169631947733E-025
  2.247262179799454E-025
  2.248354585684749E-025
  2.249446849015449E-025
  2.250538969206736E-025
  2.251630945677132E-025
  2.252722777848474E-025
  2.253814465145907E-025
  2.254906006997856E-025
  2.255997402836021E-025
  2.257088652095356E-025
  2.258179754214051E-025
  2.259270708633520E-025
  2.260361514798382E-025
  2.261452172156446E-025
  2.262542680158699E-025
  2.263633038259281E-025
  2.264723245915480E-025
  2.265813302587711E-025
  2.266903207739499E-025
  2.267992960837471E-025
  2.269082561351330E-025
  2.270172008753849E-025
  2.271261302520854E-025
  2.272350442131201E-025
  2.273439427066777E-025
  2.274528256812466E-025
  2.275616930856151E-025
  2.276705448688689E-025
  2.277793809803898E-025
  2.278882013698547E-025
  2.279970059872338E-025
  2.281057947827890E-025
  2.282145677070727E-025
  2.283233247109264E-025
  2.284320657454793E-025
  2.285407907621465E-025
  2.286494997126284E-025
  2.287581925489082E-025
  2.288668692232513E-025
  2.289755296882041E-025
  2.290841738965916E-025
  2.291928018015171E-025
  2.293014133563604E-025
  2.294100085147762E-025
  2.295185872306930E-025
  2.296271494583121E-025
  2.297356951521057E-025
  2.298442242668155E-025
  2.299527367574522E-025
  2.300612325792933E-025
  2.301697116878821E-025
  2.302781740390268E-025
  2.303866195887984E-025
  2.304950482935301E-025
  2.306034601098157E-025
  2.307118549945086E-025
  2.308202329047198E-025
  2.309285937978178E-025
  2.310369376314263E-025
  2.311452643634233E-025
  2.312535739519402E-025
  2.313618663553602E-025
  2.314701415323168E-025
  2.315783994416935E-025
  2.316866400426215E-025
  2.317948632944791E-025
  2.319030691568906E-025
  2.320112575897245E-025
  2.321194285530931E-025
  2.322275820073506E-025
  2.323357179130921E-025
  2.324438362311530E-025
  2.325519369226070E-025
  2.326600199487652E-025
  2.327680852711754E-025
  2.328761328516204E-025
  2.329841626521170E-025
  2.330921746349149E-025
  2.332001687624956E-025
  2.333081449975713E-025
  2.334161033030836E-025
  2.335240436422025E-025
  2.336319659783254E-025
  2.337398702750757E-025
  2.338477564963018E-025
